#downloaded albums163882445
132536964
108862848
98070482
81721067
66566572
53921793
44638719
37752607
70922316
84094338
83748680
5962837
34444985
11198436
1346336
122811
147816
1364941
39748686
153261
127500717
147304586
147115073
148546749
148546751
161244984
163350542
171193835
179337534
206205658
221620826
224261399
147115112
147115124
147115090
101390929
147115010
163371236
163365124
16824690
97623881
3381259
3285347
3345477
5028665
33978303
62783789
67181297
180900691
39761959
161678175
2884761
1536608
1487200
121857
40387864
1422032
1482337
1536580
159359
1536549
124671
1345304
13834710
160129315
187362788
23498276
24711392
26646261
34054735
34193183
64172126
6872083
233828946
217236279
109860900
226187252
189450174
232367189
48234519
47402594
110766936
93726384
70294939
29982504
15570525
11234258
120569226
611790
10927740
11008187
223745818
230062907
198061082
52686049
128942295
76672263
109073624
168586166
191352839
120685090
126051362
198402
222837
287410
3059046
3347128
3347129
3347130
3347131
3347132
3347134
3347135
3347136
3347137
3347141
3470811
4014596
4670608
70764395
72796447
99210123
177142120
177142151
65942607
83566298
22469944
7603136
88980527
233191519
234684013
233190742
233194381
233192649
233190719
233190867
233194348
233191435
233190789
233191488
233194321
233190772
233190809
232438293
88997744
47769554
38264926
215299642
214583984
215297964
214979892
213905312
71476470
215125116
213579886
72239106
26524558
190184529
105635396
2052956
3339113
2938089
2052890
335543
111560709
1182173
136028820
147820977
149465297
149714140
151275937
153626730
154360020
159490574
162178381
163612520
176728848
176767888
188847835
189300222
189452378
204989640
204989669
206337823
206349619
206528931
206540645
209833384
214979945
215300083
21677848
221485176
231676556
233776081
236682904
236866656
2527214
57520996
57913957
61379151
63453960
76169183
85862916
94437279
192478033
160908505
96861726
74288450
63365817
41689628
32894537
218011489
208620598
166465978
156349923
148909549
131491970
125562404
107011376
85910630
219182434
129308410
200010893
142402195
76169199
44169510
51462411
203716580
119276401
206215306
188890793
146896576
146896506
146896429
101616442
101313140
104401850
113160831
113607335
117805029
119153981
121959932
122408715
123981574
123981586
123981590
123981592
123981594
123981612
123981615
123981645
123981647
123981649
123981670
123981674
123981676
123981701
123981703
124281924
124680899
124692624
127573126
127573163
128585384
132408399
132506651
132506937
132774853
133866376
136892342
136893693
137200387
137200614
137445679
138232775
143958077
145633797
145689172
146345120
146592557
146897434
148023148
148027436
148028241
148028500
148029016
148029618
148031434
151202790
153081704
154520173
154529786
154653176
157751074
157919924
159610818
160167989
162442756
163241891
164381654
164500035
164855733
164908686
165545428
167177152
167249382
167388124
167450269
168453316
171549645
171633837
177255161
179203608
181591883
182170623
185195946
187101055
187690178
188283114
188447004
188811913
189418545
193923743
195320342
195724956
198452254
201183276
201567737
202227270
208693521
211697951
214620787
216847256
217429079
219184127
216079157
179227519
119813110
112837080
20087332
130316139
115163936
109675595
100414305
100521953
127396586
95522827
95319332
218337986
119635239
164886524
123981596
123981622
144922099
123981690
194666185
221413487
222500576
222545681
224477258
228392216
229657993
231046648
231058613
231876805
232078229
235491771
237848277
238065256
238078971
166661718
94370057
82119363
23369539